<?xml version="1.0"?>
<opencv_storage>
<calibration_date>"10/25/19 16:23:36"</calibration_date>
<rotation_matrix type_id="opencv-matrix">
  <rows>3</rows>
  <cols>3</cols>
  <dt>d</dt>
  <data>
    9.00210e-005 -9.9979e-001 2.020e-002 2.21023e-002 -2.0201e-002 -9.9951e-001 9.9975e-001 5.3663e-004 2.21e-002</data></rotation_matrix>
<translation_vector type_id="opencv-matrix">
  <rows>3</rows>
  <cols>1</cols>
  <dt>d</dt>
  <data>
    -4.0962806974401195e-001 4.1416749355091753e-001 -1.6749611662539499e+000</data></translation_vector>
</opencv_storage>
