<?xml version="1.0"?>
<opencv_storage>
<calibration_date>"01/22/18 13:29:59"</calibration_date>
<width>1232</width>
<height>1028</height>
<camera_matrix type_id="opencv-matrix">
  <rows>3</rows>
  <cols>3</cols>
  <dt>d</dt>
  <data>1.20487925e+03 0.00000000e+00 6.33521262e+02 0. 1.20311350e+03 5.00634104e+02 0. 0. 1.</data></camera_matrix>
<distortion_coefficients type_id="opencv-matrix">
  <rows>5</rows>
  <cols>1</cols>
  <dt>d</dt>
  <data>-0.277911 0.31245635 -0.00104457 0.00051649 -0.13353462</data></distortion_coefficients>
</opencv_storage>
